$ANSIBLE_VAULT;1.1;AES256
62643065363038383934653863663937366230323436336361633231636430383963353830656266
3530326530316133303564393130643439393865616663370a643664333431336339636636616466
36303631386231653463643037646566356430303064643839366561663539353130303137373266
3766326665336534630a616438336239306631613662396533653364636131333162366431666236
64623239303862316231653161646162636632333163663834623661636565326238386235326333
66656162633064373330346338303230643837373939663638303839333638376637393566633532
30333335646139356666636132383966323135316164376530373464323231353535633938633933
37356234626632343633303263663637366263356139363030336236353162666462303336326439
35323534663264646463666231393164353838333962643737363837643430336362316234353036
34306436323539613565386436653038336264353064316432393130666464343633396664643139
63323161666338333765366463323830356566316261353366333965646239346362656133336332
61343864346562663566636563653630373437303266373335393364643834366365656536366439
66326465643038646664343935383739356234623934353631373065663166623634393439326539
61313435313037393032373932343032313231643333333334623735393631623435373330393965
62306166353866323530633131353235353566366166323130646333383266613761646431656434
63363836663337623736306135366235363838663935363662333762653437313834663430653063
32303861616363653836393835366264326535326461313039336138356463343235636663396263
39393463613035353930313162363463393933383338646463616531373631313730613564306136
32663732306266333162383562356263646130313036643664626132633839633066363635303861
31396265333764363234323137393837653966313564336566306537346432303239306133396631
32396337623565323461623337656364316365653836363837396132313238656165346635653132
33613035373963646336633538306466366561323139653061653532613532383965313234643138
32323766393438666630376665366232323963653566636234633564373565343164326264653433
63386537623866363931656265393362616366353566376233326566623663323234613265326538
63393036633365346131373064346266623536643732316131313234383135663533623039616464
66663531316432646233303333336633386365316631383032663333343732653130356662633134
33653832316633346639623533666636373764383738396331613032663936656663336263633861
33343861663136636335323336353834393164613033626234376632393131613931353464323062
63613831363536616338383962396635643366306232383139323431363537616264333235343438
62346161326261643937303138346537323261356335613961623535396562393432366363346536
64343765663766336665353334363139383138363035616236393466383165343137373461663939
33633833333564356639346437336332653131363039633133383531313235623638663434376638
33616237376666633838363238326465303734333630343536353438373466313266346230636361
38353239333630666561333462303136396663666666366561343565343531666332363666333831
31393263663238306139316562316331613761653362656432326561306333666439636263303536
30653061343831393737336333323233633362343236626665373163306139306133323934646332
65653061363363333562323162316339313536383239316539316133353634346435636432313638
32393235303963356461356563343662633063363761643236643739313537343561346565383439
32306132323630666538613835643664383336393036643632636364663264363966353233326361
33653661343035323066363830646636336236336262313535646162333662326631316531343633
30636634333364656537383837626661376661393965316137336436316331663665
